4560.09044269 0.2645499110221863
4560.27185015 0.0628657341003418
4560.7138923 0.040573909878730774
4560.87058731 0.07611697167158127
4561.19565741 0.0365142896771431
4561.41477454 0.1740824580192566
4561.73350736 0.02182772569358349
4562.36570308 0.11767028272151947
4562.63219195 0.059528205543756485
4562.88721176 0.011404459364712238
4563.23989931 0.03604887053370476
4563.41910949 0.05452229827642441
4563.76449209 0.601072371006012
4564.17151481 0.05536200478672981
4564.34024273 0.018918603658676147
4564.69744168 0.10703425854444504
4564.82724255 0.1401757448911667
4565.5196282 0.22104136645793915
4565.66471622 0.27901166677474976
4566.23229193 0.04107460007071495
4566.51949452 0.245313823223114
4566.87124681 0.21217401325702667
4567.40957888 0.020322361961007118
4568.32947197 0.14819735288619995
4568.60675666 0.08294135332107544
4568.77955633 0.3417188823223114
4569.35589751 0.02293260022997856
4569.61424051 0.14889143407344818
4570.02161725 0.02877587452530861
4570.37846574 0.010980524122714996
4571.09895901 0.6465536952018738
4571.43706403 0.09352967888116837
4571.67596248 0.24718685448169708
4571.97850945 0.6943773031234741
4572.27601199 0.07369853556156158
4572.60413885 0.010907306335866451
4572.86475639 0.07718275487422943
4573.80826847 0.01136015821248293
4573.9777376 0.012115215882658958
4574.22058447 0.21631774306297302
4574.47278377 0.017133571207523346
4574.72227641 0.35053762793540955
4575.10790085 0.04595928639173508
4575.54216767 0.03607510030269623
4575.78807278 0.06628134101629257
4576.33735793 0.35856232047080994
4577.17797639 0.16536928713321686
4577.48371817 0.011440937407314777
4577.69571021 0.021526535972952843
4578.03225993 0.01930038072168827
4578.32482976 0.024500057101249695
4578.55743589 0.46504348516464233
4579.05844195 0.05201025679707527
4579.32999314 0.12543390691280365
4579.51175328 0.015527063049376011
4579.67461995 0.036421384662389755
4579.81960761 0.08791317045688629
4580.05636844 0.4628113806247711
4580.41671944 0.2725088894367218
4580.5881527 0.2027357518672943
4581.04111864 0.011921392753720284
4581.20192551 0.10730869323015213
4582.30743629 0.06760289520025253
4582.49483022 0.02722693607211113
4582.83395544 0.28671422600746155
4583.12727938 0.06997344642877579
4583.41373121 0.1648726761341095
4583.83832133 0.49788570404052734
4584.28107653 0.014388520270586014
4584.81731555 0.26940789818763733
4585.08049157 0.030594442039728165
4585.34095137 0.09198576211929321
4585.8742966 0.5352566242218018
4586.22544989 0.14196372032165527
4586.3712534 0.24780501425266266
4587.13181633 0.3098684549331665
4587.72177531 0.06288135051727295
4588.20292127 0.3972322642803192
4588.68796051 0.07550505548715591
4589.01082716 0.01822534017264843
4589.29840078 0.02665170282125473
4589.95113751 0.4664669036865234
4590.7903537 0.1390911191701889
4591.110535 0.01986990123987198
4591.39612609 0.4251748025417328
4592.05460424 0.23224681615829468
4592.36460681 0.0654292106628418
4592.65733244 0.6066296100616455
4593.17249527 0.04248695820569992
4593.52895394 0.1449168175458908
4593.92276107 0.04054650291800499
4594.11902026 0.28109902143478394
4594.41880008 0.01087039802223444
4594.63251674 0.05142582952976227
4594.89747512 0.14143913984298706
4595.36207176 0.32671627402305603
4595.59618168 0.07605503499507904
4596.0598587 0.3642052412033081
4596.41240259 0.1616300642490387
4596.57597596 0.019545359537005424
4596.90736432 0.058965448290109634
4597.24435651 0.07584895938634872
4597.38289242 0.1098865196108818
4597.75193956 0.1946384310722351
4597.86998627 0.208407923579216
4598.12294754 0.4505717158317566
4598.37433123 0.06437918543815613
4598.74391477 0.07198783755302429
4598.99676453 0.013298203237354755
4599.22776442 0.03557698056101799
4599.84019949 0.2902400493621826
4600.10956905 0.16504444181919098
4600.36277084 0.31128042936325073
4600.75496545 0.5220528841018677
4600.98933507 0.20157529413700104
4602.00568367 0.4424249827861786
4602.94726271 0.6595473885536194
4603.34340716 0.09546750783920288
4603.94811757 0.09193596243858337
4604.2386484 0.03105233609676361
4604.55836275 0.24057744443416595
4604.99229269 0.4059769809246063
4605.36751583 0.09787476062774658