begin
	funcs = ingredients("./src/Support Functions.jl")
	import .funcs: fit_lines_v0_serial, fit_lines_v0_parallel
end

#λ_lines = [4560.09044269, 4560.27185015, 4560.7138923, 4560.87058731, 4561.19565741, 4561.41477454, 4561.73350736, 4562.36570308, 4562.63219195, 4562.88721176, 4563.23989931, 4563.41910949, 4563.76449209, 4564.17151481, 4564.34024273, 4564.69744168, 4564.82724255, 4565.5196282, 4565.66471622, 4566.23229193, 4566.51949452, 4566.87124681, 4567.40957888, 4568.32947197, 4568.60675666, 4568.77955633, 4569.35589751, 4569.61424051, 4570.02161725, 4570.37846574, 4571.09895901, 4571.43706403, 4571.67596248, 4571.97850945, 4572.27601199, 4572.60413885, 4572.86475639, 4573.80826847, 4573.9777376, 4574.22058447, 4574.47278377, 4574.72227641, 4575.10790085, 4575.54216767, 4575.78807278, 4576.33735793, 4577.17797639, 4577.48371817, 4577.69571021, 4578.03225993, 4578.32482976, 4578.55743589, 4579.05844195, 4579.32999314, 4579.51175328, 4579.67461995, 4579.81960761, 4580.05636844, 4580.41671944, 4580.5881527, 4581.04111864, 4581.20192551, 4582.30743629, 4582.49483022, 4582.83395544, 4583.12727938, 4583.41373121, 4583.83832133, 4584.28107653, 4584.81731555, 4585.08049157, 4585.34095137, 4585.8742966, 4586.22544989, 4586.3712534, 4587.13181633, 4587.72177531, 4588.20292127, 4588.68796051, 4589.01082716, 4589.29840078, 4589.95113751, 4590.7903537, 4591.110535, 4591.39612609, 4592.05460424, 4592.36460681, 4592.65733244, 4593.17249527, 4593.52895394, 4593.92276107, 4594.11902026, 4594.41880008, 4594.63251674, 4594.89747512, 4595.36207176, 4595.59618168, 4596.0598587, 4596.41240259, 4596.57597596, 4596.90736432, 4597.24435651, 4597.38289242, 4597.75193956, 4597.86998627, 4598.12294754, 4598.37433123, 4598.74391477, 4598.99676453, 4599.22776442, 4599.84019949, 4600.10956905, 4600.36277084, 4600.75496545, 4600.98933507, 4602.00568367, 4602.94726271, 4603.34340716, 4603.94811757, 4604.2386484, 4604.55836275, 4604.99229269, 4605.36751583]

	
	#σ_lines = [0.04, 0.04, 0.04, 0.04, 0.03, 0.04, 0.03, 0.03, 0.04, 0.03, 0.03, 0.03, 0.04, 0.04, 0.03]
	
	
	
	#σ_lines = [0.04, 0.04, 0.04, 0.04, 0.04, 0.04, 0.04, 0.04, 0.04, 0.04, 0.04, 0.04, 0.04, 0.04, 0.04]


λ = λ_raw[mask_fit]
	flux = flux_raw[mask_fit]
	var = var_raw[mask_fit]


